ticker,nameOfIssuer,cusip,value,shares,allocation_percent,filingDate,reportDate,accessionNumber
GWRUSD,GENESEE & WYO INC,371559105,61958000.0,680930,1.7119938768545933,2018-11-14,2018-09-30,0001085146-18-002675
HMSY,HMS HLDGS CORP,40425J101,44716000.0,1362867,1.2355711642956517,2018-11-14,2018-09-30,0001085146-18-002675
LFUS,LITTELFUSE INC,537008104,42958000.0,217079,1.1869949475760937,2018-11-14,2018-09-30,0001085146-18-002675
KWR,QUAKER CHEM CORP,747316107,42809000.0,211707,1.1828778507096465,2018-11-14,2018-09-30,0001085146-18-002675
IDA,IDACORP INC,451107106,42457000.0,427861,1.1731515547566975,2018-11-14,2018-09-30,0001085146-18-002675
RGEN,REPLIGEN CORP,759916109,42341000.0,763457,1.1699462981358393,2018-11-14,2018-09-30,0001085146-18-002675
NGVT,INGEVITY CORP,45688C107,42337000.0,415559,1.1698357720454649,2018-11-14,2018-09-30,0001085146-18-002675
HEI/A,HEICO CORP NEW,422806208,41925000.0,555296,1.1584515847368997,2018-11-14,2018-09-30,0001085146-18-002675
AIT,APPLIED INDL TECHNOLOGIES IN,03820C105,41607000.0,531722,1.149664760552133,2018-11-14,2018-09-30,0001085146-18-002675
TSA,ACI WORLDWIDE INC,004498101,41390000.0,1470855,1.1436687201493207,2018-11-14,2018-09-30,0001085146-18-002675
AAPL,APPLE INC,037833100,41282000.0,182876,1.1406845157092114,2018-11-14,2018-09-30,0001085146-18-002675
ICLR,ICON PLC,G4705A100,40899000.0,266010,1.1301016425558605,2018-11-14,2018-09-30,0001085146-18-002675
RJF,RAYMOND JAMES FINANCIAL INC,754730109,40584000.0,440895,1.121397712938875,2018-11-14,2018-09-30,0001085146-18-002675
8IN,SYNEOS HEALTH INC,87166B102,39591000.0,768002,1.0939596110034249,2018-11-14,2018-09-30,0001085146-18-002675
RNST,RENASANT CORP,75970E107,39493000.0,958324,1.0912517217892517,2018-11-14,2018-09-30,0001085146-18-002675
TDY,TELEDYNE TECHNOLOGIES INC,879360105,38155000.0,154674,1.0542807445590079,2018-11-14,2018-09-30,0001085146-18-002675
CFR,CULLEN FROST BANKERS INC,229899109,37672000.0,360700,1.0409347191462965,2018-11-14,2018-09-30,0001085146-18-002675
WEA,WESTERN ALLIANCE BANCORP,957638109,37478000.0,658773,1.035574203763137,2018-11-14,2018-09-30,0001085146-18-002675
IWM,ISHARES TR,464287655,37080000.0,220000,1.0245768577708823,2018-11-14,2018-09-30,0001085146-18-002675
RP,REALPAGE INC,75606N109,36819000.0,558717,1.0173650303739512,2018-11-14,2018-09-30,0001085146-18-002675
POL4EUR,POLYONE CORP,73179P106,35407000.0,809866,0.9783493204717806,2018-11-14,2018-09-30,0001085146-18-002675
SMTC,SEMTECH CORP,816850101,34955000.0,628693,0.9658598722594711,2018-11-14,2018-09-30,0001085146-18-002675
BUSD,BARNES GROUP INC,067806109,34632000.0,487570,0.9569348904617365,2018-11-14,2018-09-30,0001085146-18-002675
ZBRA,ZEBRA TECHNOLOGIES CORP,989207105,34020000.0,192386,0.9400243986344502,2018-11-14,2018-09-30,0001085146-18-002675
CSOD,CORNERSTONE ONDEMAND INC,21925Y103,33714000.0,594074,0.931569152720807,2018-11-14,2018-09-30,0001085146-18-002675
WLY,WILEY JOHN & SONS INC,968223206,31275000.0,516095,0.8641758691150038,2018-11-14,2018-09-30,0001085146-18-002675
LKQ1,LKQ CORP,501889208,31105000.0,982149,0.8594785102740908,2018-11-14,2018-09-30,0001085146-18-002675
SSNC,SS&C TECHNOLOGIES HLDGS INC,78467J100,30769000.0,541429,0.8501943186826396,2018-11-14,2018-09-30,0001085146-18-002675
GIII,G-III APPAREL GROUP LTD,36237H101,30118000.0,624979,0.8322061974742025,2018-11-14,2018-09-30,0001085146-18-002675
AANUSD,AARONS INC,002535300,29772000.0,546670,0.822645690656815,2018-11-14,2018-09-30,0001085146-18-002675
N/A,COUSINS PPTYS INC,222795106,29640000.0,3334048,0.8189983296744592,2018-11-14,2018-09-30,0001085146-18-002675
ODFL,OLD DOMINION FGHT LINES INC,679580100,29566000.0,183344,0.8169535970025325,2018-11-14,2018-09-30,0001085146-18-002675
SM,SM ENERGY CO,78454L100,28379000.0,900050,0.784154979683923,2018-11-14,2018-09-30,0001085146-18-002675
HCSG,HEALTHCARE SVCS GRP INC,421906108,27749000.0,683136,0.7667471204499517,2018-11-14,2018-09-30,0001085146-18-002675
JPM,JPMORGAN CHASE & CO,46625H100,26765000.0,237195,0.7395577022178442,2018-11-14,2018-09-30,0001085146-18-002675
WABC,WESTAMERICA BANCORPORATION,957090103,26618000.0,442459,0.7354958683965842,2018-11-14,2018-09-30,0001085146-18-002675
RLI,RLI CORP,749607107,26345000.0,335267,0.72795246272853,2018-11-14,2018-09-30,0001085146-18-002675
N/A,IBERIABANK CORP,450828108,26327000.0,323626,0.727455095321845,2018-11-14,2018-09-30,0001085146-18-002675
APH,AMPHENOL CORP NEW,032095101,26049000.0,277055,0.7197735320408228,2018-11-14,2018-09-30,0001085146-18-002675
CLGX,CORELOGIC INC,21871D103,25683000.0,519788,0.7096603947715633,2018-11-14,2018-09-30,0001085146-18-002675
PB,PROSPERITY BANCSHARES INC,743606105,25328000.0,365224,0.6998512042508335,2018-11-14,2018-09-30,0001085146-18-002675
RLJ,RLJ LODGING TR,74965L101,25264000.0,1146780,0.6980827868048427,2018-11-14,2018-09-30,0001085146-18-002675
MD,MEDNAX INC,58502B106,25263000.0,541426,0.698055155282249,2018-11-14,2018-09-30,0001085146-18-002675
FULT,FULTON FINL CORP PA,360271100,24423000.0,1466866,0.6748446763036207,2018-11-14,2018-09-30,0001085146-18-002675
BRKR,BRUKER CORP,116794108,24148000.0,721921,0.6672460075903792,2018-11-14,2018-09-30,0001085146-18-002675
N/A,K12 INC,48273u102,23511000.0,1328297,0.6496447276982527,2018-11-14,2018-09-30,0001085146-18-002675
ACHC,ACADIA HEALTHCARE COMPANY IN,00404A109,23384000.0,664316,0.6461355243288648,2018-11-14,2018-09-30,0001085146-18-002675
MLI,MUELLER INDS INC,624756102,23261000.0,802643,0.6427368470498515,2018-11-14,2018-09-30,0001085146-18-002675
DHR,DANAHER CORP DEL,235851102,23169000.0,213227,0.6401947469712397,2018-11-14,2018-09-30,0001085146-18-002675
WFC 7.5 PERP L,WELLS FARGO CO NEW,949746804,22206000.0,17264,0.6135855907135979,2018-11-14,2018-09-30,0001085146-18-002675
DECK,DECKERS OUTDOOR CORP,243537107,21993000.0,185466,0.60770007640116,2018-11-14,2018-09-30,0001085146-18-002675
WTS,WATTS WATER TECHNOLOGIES INC,942749102,21430000.0,258192,0.5921435291809602,2018-11-14,2018-09-30,0001085146-18-002675
FTV,FORTIVE CORP,34959J108,21203000.0,251821,0.5858711735522117,2018-11-14,2018-09-30,0001085146-18-002675
N/A,AMERISAFE INC,03071h100,21010000.0,339140,0.580538289691646,2018-11-14,2018-09-30,0001085146-18-002675
OIS,OIL STS INTL INC,678026105,20729000.0,624371,0.572773831842843,2018-11-14,2018-09-30,0001085146-18-002675
TXRH,TEXAS ROADHOUSE INC,882681109,20540000.0,296433,0.5675514740726515,2018-11-14,2018-09-30,0001085146-18-002675
RBAGBP,RITCHIE BROS AUCTIONEERS,767744105,20143000.0,557506,0.5565817596029903,2018-11-14,2018-09-30,0001085146-18-002675
N/A,RESOURCES CONNECTION INC,76122q105,19738000.0,1189048,0.5453909929525802,2018-11-14,2018-09-30,0001085146-18-002675
CNC,CENTENE CORP DEL,15135B101,19646000.0,135698,0.5428488928739684,2018-11-14,2018-09-30,0001085146-18-002675
BEATEUR,BIOTELEMETRY INC,090672106,19177000.0,297551,0.5298897087775676,2018-11-14,2018-09-30,0001085146-18-002675
BLKB,BLACKBAUD INC,09227Q100,19038000.0,187602,0.5260489271370565,2018-11-14,2018-09-30,0001085146-18-002675
CMP,COMPASS MINERALS INTL INC,20451N101,17899000.0,266355,0.49457662290294013,2018-11-14,2018-09-30,0001085146-18-002675
SPTN,SPARTANNASH CO,847215100,17729000.0,883790,0.4898792640620272,2018-11-14,2018-09-30,0001085146-18-002675
EGP,EASTGROUP PPTY INC,277276101,17501000.0,183024,0.4835792769106852,2018-11-14,2018-09-30,0001085146-18-002675
WWD,WOODWARD INC,980745103,17465000.0,215991,0.48258454209731544,2018-11-14,2018-09-30,0001085146-18-002675
PFGC,PERFORMANCE FOOD GROUP CO,71377A103,17440000.0,523721,0.48189375403247536,2018-11-14,2018-09-30,0001085146-18-002675
CRZOEUR,CARRIZO OIL & GAS INC,144577103,16584000.0,658115,0.45824117069234926,2018-11-14,2018-09-30,0001085146-18-002675
BAC 7.25 PERP L,BANK AMER CORP,060505682,16433000.0,12714,0.45406881078071487,2018-11-14,2018-09-30,0001085146-18-002675
N/A,CEMEX SAB DE CV,151290bt9,16182000.0,15977000,0.44713329860971995,2018-11-14,2018-09-30,0001085146-18-002675
BKE,BUCKLE INC,118440106,15997000.0,694017,0.44202146692990296,2018-11-14,2018-09-30,0001085146-18-002675
BDX,BECTON DICKINSON & CO,075887109,15961000.0,61153,0.4410267321165332,2018-11-14,2018-09-30,0001085146-18-002675
HMN,HORACE MANN EDUCATORS CORP N,440327104,15645000.0,348430,0.4322951709769539,2018-11-14,2018-09-30,0001085146-18-002675
AABAUSD,ALTABA INC,021346101,15595000.0,228929,0.43091359484727365,2018-11-14,2018-09-30,0001085146-18-002675
PCTY,PAYLOCITY HLDG CORP,70438V106,15318000.0,190718,0.423259663088845,2018-11-14,2018-09-30,0001085146-18-002675
WSFS,WSFS FINL CORP,929328102,15276000.0,323996,0.4220991391399136,2018-11-14,2018-09-30,0001085146-18-002675
COR1EUR,CORESITE RLTY CORP,21870Q105,15177000.0,136554,0.4193636184031467,2018-11-14,2018-09-30,0001085146-18-002675
SXT,SENSIENT TECHNOLOGIES CORP,81725T100,14541000.0,190051,0.4017899700336137,2018-11-14,2018-09-30,0001085146-18-002675
CMC,COMMERCIAL METALS CO,201723103,14406000.0,702063,0.39805971448347705,2018-11-14,2018-09-30,0001085146-18-002675
DIS,DISNEY WALT CO,254687106,14283000.0,122137,0.3946610372044636,2018-11-14,2018-09-30,0001085146-18-002675
PBH,PRESTIGE CONSMR HEALTHCARE I,74112D101,14104000.0,372223,0.38971499466020826,2018-11-14,2018-09-30,0001085146-18-002675
BL,BLACKLINE INC,09239B109,13848000.0,245232,0.3826413248762453,2018-11-14,2018-09-30,0001085146-18-002675
STZ,CONSTELLATION BRANDS INC,21036P108,13771000.0,63867,0.3805136976365377,2018-11-14,2018-09-30,0001085146-18-002675
V,VISA INC,92826C839,13649000.0,90936,0.37714265188011786,2018-11-14,2018-09-30,0001085146-18-002675
BURL,BURLINGTON STORES INC,122017106,13418000.0,82358,0.37075977016099504,2018-11-14,2018-09-30,0001085146-18-002675
SMP,STANDARD MTR PRODS INC,853666105,13149000.0,267155,0.36332689058331524,2018-11-14,2018-09-30,0001085146-18-002675
FETUSD,FORUM ENERGY TECHNOLOGIES IN,34984V100,13146000.0,1270115,0.3632439960155344,2018-11-14,2018-09-30,0001085146-18-002675
IACIEUR,IAC INTERACTIVECORP,44919P508,12886000.0,59460,0.3560598001411971,2018-11-14,2018-09-30,0001085146-18-002675
GPI,GROUP 1 AUTOMOTIVE INC,398905109,12830000.0,197686,0.3545124348759552,2018-11-14,2018-09-30,0001085146-18-002675
BDX 6.125 05/01/20 A,BECTON DICKINSON & CO,075887208,12684000.0,193500,0.35047823257728883,2018-11-14,2018-09-30,0001085146-18-002675
MSA,MSA SAFETY INC,553498106,12605000.0,118425,0.348295342292394,2018-11-14,2018-09-30,0001085146-18-002675
MNRO,MONRO INC,610236101,12493000.0,179495,0.3452006117619102,2018-11-14,2018-09-30,0001085146-18-002675
CSGS,CSG SYS INTL INC,126349109,12452000.0,310214,0.34406771933557245,2018-11-14,2018-09-30,0001085146-18-002675
DPLOEUR,DIPLOMAT PHARMACY INC,25456K101,12231000.0,630117,0.33796115284238565,2018-11-14,2018-09-30,0001085146-18-002675
JNJ,JOHNSON & JOHNSON,478160104,11986000.0,86746,0.3311914298069524,2018-11-14,2018-09-30,0001085146-18-002675
RTECEUR,RUDOLPH TECHNOLOGIES INC,781270103,11876000.0,485735,0.3281519623216558,2018-11-14,2018-09-30,0001085146-18-002675
N/A,NAVISTAR INTL CORP NEW,63934eas7,11843000.0,11668000,0.32724012207606684,2018-11-14,2018-09-30,0001085146-18-002675
N/A,NIC INC,62914b100,11824000.0,798914,0.32671512314678836,2018-11-14,2018-09-30,0001085146-18-002675
AME,AMETEK INC NEW,031100100,11770000.0,148763,0.3252230209267336,2018-11-14,2018-09-30,0001085146-18-002675
CAKE,CHEESECAKE FACTORY INC,163072101,11635000.0,217322,0.32149276537659693,2018-11-14,2018-09-30,0001085146-18-002675
CBRL,CRACKER BARREL OLD CTRY STOR,22410J106,11634000.0,79072,0.3214651338540033,2018-11-14,2018-09-30,0001085146-18-002675
ICE,INTERCONTINENTAL EXCHANGE IN,45866F104,11195000.0,149482,0.30933489543541065,2018-11-14,2018-09-30,0001085146-18-002675
HBAN,HUNTINGTON BANCSHARES INC,446150104,11194000.0,750257,0.30930726391281704,2018-11-14,2018-09-30,0001085146-18-002675
N/A,ALLSCRIPTS HEALTHCARE SOLUTN,01988pad0,11172000.0,10594000,0.3086993704157577,2018-11-14,2018-09-30,0001085146-18-002675
N/A,EXACT SCIENCES CORP,30063paa3,10956000.0,8850000,0.30273096153553897,2018-11-14,2018-09-30,0001085146-18-002675
BCBEUR,COTT CORP QUE,22163N106,10923000.0,676368,0.30181912128995003,2018-11-14,2018-09-30,0001085146-18-002675
GOOG,ALPHABET INC,02079K107,10843000.0,9085,0.2996085994824616,2018-11-14,2018-09-30,0001085146-18-002675
N/A,FIREEYE INC,31816qab7,10524000.0,10962000,0.2907941437751015,2018-11-14,2018-09-30,0001085146-18-002675
N/A,MICROCHIP TECHNOLOGY INC,595017ad6,10476000.0,6916000,0.28946783069060844,2018-11-14,2018-09-30,0001085146-18-002675
N/A,TWITTER INC,90184lab8,10370000.0,10713000,0.28653888929568627,2018-11-14,2018-09-30,0001085146-18-002675
N/A,DISH NETWORK CORP,25470mab5,10297000.0,10800000,0.2845217881463531,2018-11-14,2018-09-30,0001085146-18-002675
N/A,MICROCHIP TECHNOLOGY INC,595017af1,10224000.0,9600000,0.28250468699701997,2018-11-14,2018-09-30,0001085146-18-002675
BDC,BELDEN INC,077454106,10025000.0,140393,0.2770060140008925,2018-11-14,2018-09-30,0001085146-18-002675
N/A,NATIONAL INSTRS CORP,636518102,9590000.0,198433,0.26498630167267423,2018-11-14,2018-09-30,0001085146-18-002675
N/A,TUTOR PERINI CORP,901109ad0,9470000.0,9266000,0.26167051896144156,2018-11-14,2018-09-30,0001085146-18-002675
N/A,WEATHERFORD INTL LTD,947075ah0,9279000.0,9819000,0.256392898146063,2018-11-14,2018-09-30,0001085146-18-002675
N/A,AKAMAI TECHNOLOGIES INC,00971tag6,9187000.0,9247000,0.2538507980674513,2018-11-14,2018-09-30,0001085146-18-002675
N/A,NXP SEMICONDUCTORS N V,62952qab6,9103000.0,8714000,0.25152975016958845,2018-11-14,2018-09-30,0001085146-18-002675
CVX,CHEVRON CORP NEW,166764100,8968000.0,73340,0.24779949461945175,2018-11-14,2018-09-30,0001085146-18-002675
N/A,GREENBRIER COS INC,393657ak7,8903000.0,7450000,0.2460034456508674,2018-11-14,2018-09-30,0001085146-18-002675
N/A,ELECTRONICS FOR IMAGING INC,286082ac6,8901000.0,8923000,0.24594818260568024,2018-11-14,2018-09-30,0001085146-18-002675
N/A,PORTFOLIO RECOVERY ASSOCS IN,73640qab1,8895000.0,9229000,0.2457823934701186,2018-11-14,2018-09-30,0001085146-18-002675
N/A,HURON CONSULTING GROUP INC,447462ab8,8881000.0,9146000,0.24539555215380812,2018-11-14,2018-09-30,0001085146-18-002675
N/A,NEW MTN FIN CORP,647551ab6,8846000.0,8726000,0.24442844886303192,2018-11-14,2018-09-30,0001085146-18-002675
UNP,UNION PAC CORP,907818108,8707000.0,53475,0.2405876672225208,2018-11-14,2018-09-30,0001085146-18-002675
N/A,SEACOR HOLDINGS INC,811904an1,8605000.0,8966000,0.23776925191797307,2018-11-14,2018-09-30,0001085146-18-002675
N/A,HERBALIFE LTD,42703mab9,8513000.0,6528000,0.23522715183936135,2018-11-14,2018-09-30,0001085146-18-002675
N/A,CBS CORP NEW,124857202,8457000.0,147214,0.23367978657411947,2018-11-14,2018-09-30,0001085146-18-002675
N/A,CALAMP CORP,128126ab5,8420000.0,7986000,0.23265742023815608,2018-11-14,2018-09-30,0001085146-18-002675
ZTS,ZOETIS INC,98978V103,8419000.0,91955,0.23262978871556247,2018-11-14,2018-09-30,0001085146-18-002675
NMFC,NEW MTN FIN CORP,647551100,8378000.0,620564,0.23149689628922465,2018-11-14,2018-09-30,0001085146-18-002675
N/A,ECHO GLOBAL LOGISTICS INC,27875taa9,8245000.0,7839000,0.22782190378427516,2018-11-14,2018-09-30,0001085146-18-002675
N/A,CLEVELAND CLIFFS INC,185899aa9,8228000.0,5000000,0.2273521679001839,2018-11-14,2018-09-30,0001085146-18-002675
N/A,CAESARS ENTMT CORP,127686aa1,8178000.0,5000000,0.22597059177050363,2018-11-14,2018-09-30,0001085146-18-002675
N/A,INTEL CORP,458140af7,8136000.0,3544000,0.2248100678215722,2018-11-14,2018-09-30,0001085146-18-002675
N/A,VIPSHOP HLDGS LTD,92763waa1,8086000.0,8246000,0.22342849169189194,2018-11-14,2018-09-30,0001085146-18-002675
RDS/A,ROYAL DUTCH SHELL PLC,780259206,7604000.0,111591,0.21011009780177423,2018-11-14,2018-09-30,0001085146-18-002675
N/A,PRICELINE GRP INC,741503as5,7565000.0,4997000,0.20903246842062362,2018-11-14,2018-09-30,0001085146-18-002675
N/A,VERINT SYS INC,92343xaa8,7511000.0,7253000,0.20754036620056893,2018-11-14,2018-09-30,0001085146-18-002675
N/A,ISIS PHARMACEUTICALS INC DEL,464337aj3,7474000.0,7093000,0.20651799986460556,2018-11-14,2018-09-30,0001085146-18-002675
N/A,SERVICENOW INC,81762pac6,7452000.0,5000000,0.20591010636754623,2018-11-14,2018-09-30,0001085146-18-002675
TRUP,TRUPANION INC,898202106,7432000.0,208002,0.20535747591567413,2018-11-14,2018-09-30,0001085146-18-002675
AMZN,AMAZON COM INC,023135106,7413000.0,3701,0.20483247698639562,2018-11-14,2018-09-30,0001085146-18-002675
FNV,FRANCO NEVADA CORP,351858105,7245000.0,115827,0.20019038119066995,2018-11-14,2018-09-30,0001085146-18-002675
NEE,NEXTERA ENERGY INC,65339F101,7220000.0,43080,0.19949959312582982,2018-11-14,2018-09-30,0001085146-18-002675
N/A,EZCORP INC,302301ab2,7149000.0,7223000,0.19753775502168383,2018-11-14,2018-09-30,0001085146-18-002675
N/A,SILVER STD RES INC,82823lac0,7125000.0,7224000,0.19687459847943733,2018-11-14,2018-09-30,0001085146-18-002675
SHW,SHERWIN WILLIAMS CO,824348106,7067000.0,15524,0.1952719701690082,2018-11-14,2018-09-30,0001085146-18-002675
N/A,MACQUARIE INFRASTRUCTURE COR,55608baa3,6923000.0,6984000,0.19129303091552904,2018-11-14,2018-09-30,0001085146-18-002675
MO,ALTRIA GROUP INC,02209S103,6858000.0,113705,0.18949698194694473,2018-11-14,2018-09-30,0001085146-18-002675
BRK/B,BERKSHIRE HATHAWAY INC DEL,084670702,6788000.0,31705,0.18756277536539234,2018-11-14,2018-09-30,0001085146-18-002675
N/A,WRIGHT MED GROUP INC,98235tae7,6757000.0,6132000,0.1867061981649906,2018-11-14,2018-09-30,0001085146-18-002675
N/A,DYCOM INDS INC,267475ab7,6730000.0,6080000,0.18596014705496325,2018-11-14,2018-09-30,0001085146-18-002675
N/A,LUMENTUM HLDGS INC,55024uab5,6657000.0,5545000,0.18394304590563004,2018-11-14,2018-09-30,0001085146-18-002675
BAC,VERIZON COMMUNICATIONS INC,92343V104,6648000.0,124516,0.1836943622022876,2018-11-14,2018-09-30,0001085146-18-002675
N/A,AETNA INC NEW,00817Y108,6573000.0,32404,0.1816219980077672,2018-11-14,2018-09-30,0001085146-18-002675
ECPG 3 07/01/20,ENCORE CAP GROUP INC,292554AF9,6562000.0,6550000,0.18131805125923756,2018-11-14,2018-09-30,0001085146-18-002675
N/A,NOVELLUS SYS INC,670008ad3,6536000.0,1426000,0.18059963167180385,2018-11-14,2018-09-30,0001085146-18-002675
N/A,NEVRO CORP,64157faa1,6502000.0,6551000,0.17966015990362125,2018-11-14,2018-09-30,0001085146-18-002675
FI,FISERV INC,337738108,6461000.0,78432,0.17852726747728342,2018-11-14,2018-09-30,0001085146-18-002675
N/A,ARES CAP CORP,04010lam5,6345000.0,6317000,0.1753220108564252,2018-11-14,2018-09-30,0001085146-18-002675
N/A,HORIZON PHARMA INVT LTD,44052tab7,6332000.0,6278000,0.17496280106270837,2018-11-14,2018-09-30,0001085146-18-002675
N/A,MICRON TECHNOLOGY INC,595112av5,6286000.0,1522000,0.1736917510234025,2018-11-14,2018-09-30,0001085146-18-002675
N/A,ROVI CORP,779376ad4,6190000.0,6499000,0.1710391248544164,2018-11-14,2018-09-30,0001085146-18-002675
RTN1USD,RAYTHEON CO,755111507,6155000.0,29781,0.17007202156364024,2018-11-14,2018-09-30,0001085146-18-002675
IINUSD,INTRICON CORP,46121H109,6052000.0,107686,0.1672259747364989,2018-11-14,2018-09-30,0001085146-18-002675
N/A,DERMIRA INC,24983lab0,5944000.0,7142000,0.1642417702963895,2018-11-14,2018-09-30,0001085146-18-002675
N/A,ALLEGHENY TECHNOLOGIES INC,01741rag7,5861000.0,2700000,0.16194835392112028,2018-11-14,2018-09-30,0001085146-18-002675
N/A,WRIGHT MED GROUP N V,98236jab4,5790000.0,4000000,0.15998651581697432,2018-11-14,2018-09-30,0001085146-18-002675
OSPN,ONESPAN INC,68287N100,5703000.0,299383,0.15758257335133066,2018-11-14,2018-09-30,0001085146-18-002675
N/A,SPIRIT RLTY CAP INC NEW,84860waa0,5543000.0,5556000,0.15316152973635383,2018-11-14,2018-09-30,0001085146-18-002675
N/A,RTI INTL METALS INC,74973wab3,5542000.0,5416000,0.15313389821376022,2018-11-14,2018-09-30,0001085146-18-002675
N/A,COLONY STARWOOD HOMES,19625xab8,5530000.0,5000000,0.15280231994263696,2018-11-14,2018-09-30,0001085146-18-002675
N/A,CHESAPEAKE ENERGY CORP,165167cy1,5437000.0,5517000,0.15023258834143166,2018-11-14,2018-09-30,0001085146-18-002675
N/A,ADVANCED MICRO DEVICES INC,007903bd8,5436000.0,1400000,0.15020495681883808,2018-11-14,2018-09-30,0001085146-18-002675
N/A,FLEXION THERAPEUTICS INC,33938jab2,5393000.0,5300000,0.14901680134731304,2018-11-14,2018-09-30,0001085146-18-002675
N/A,JAZZ INVESTMENTS I LTD,472145ab7,5342000.0,4981000,0.14760759369503917,2018-11-14,2018-09-30,0001085146-18-002675
N/A,MOLINA HEALTHCARE INC,60855rac4,5325000.0,1460000,0.14713785781094788,2018-11-14,2018-09-30,0001085146-18-002675
N/A,PACIRA PHARMACEUTICALS INC,695127ad2,5306000.0,5000000,0.1466128588816694,2018-11-14,2018-09-30,0001085146-18-002675
N/A,NUVASIVE INC,670704ag0,5235000.0,4134000,0.1446510207775234,2018-11-14,2018-09-30,0001085146-18-002675
MDLZ,MONDELEZ INTL INC,609207105,5186000.0,120708,0.14329707617043674,2018-11-14,2018-09-30,0001085146-18-002675
N/A,SEACOR HOLDINGS INC,811904am3,5151000.0,5151000,0.1423299728796606,2018-11-14,2018-09-30,0001085146-18-002675
N/A,DOWDUPONT INC,26078J100,5097000.0,79262,0.14083787065960587,2018-11-14,2018-09-30,0001085146-18-002675
N/A,ENCORE CAP GROUP INC,292554ah5,5067000.0,5434000,0.14000892498179773,2018-11-14,2018-09-30,0001085146-18-002675
N/A,RADIUS HEALTH INC,750469aa6,5038000.0,6500000,0.13920761082658317,2018-11-14,2018-09-30,0001085146-18-002675
N/A,PALO ALTO NETWORKS INC,697435ab1,5034000.0,2473000,0.13909708473620877,2018-11-14,2018-09-30,0001085146-18-002675
N/A,FINISAR CORP,31787aam3,5020000.0,5050000,0.1387102434198983,2018-11-14,2018-09-30,0001085146-18-002675
N/A,TITAN MACHY INC,88830rab7,5004000.0,5042000,0.1382681390584006,2018-11-14,2018-09-30,0001085146-18-002675
N/A,INPHI CORP,45772fab3,4959000.0,4300000,0.13702472054168835,2018-11-14,2018-09-30,0001085146-18-002675
NVO,NOVO-NORDISK A S,670100205,4951000.0,105025,0.13680366836093952,2018-11-14,2018-09-30,0001085146-18-002675
MSFT,MICROSOFT CORP,594918104,4889000.0,42743,0.13509051396013602,2018-11-14,2018-09-30,0001085146-18-002675
META,FACEBOOK INC,30303M102,4835000.0,29400,0.1335984117400813,2018-11-14,2018-09-30,0001085146-18-002675
FTV 5 07/01/21 A,FORTIVE CORP,34959J207,4835000.0,4500,0.1335984117400813,2018-11-14,2018-09-30,0001085146-18-002675
FNF,FIDELITY NATIONAL FINANCIAL,31620R303,4797000.0,121900,0.13254841388152433,2018-11-14,2018-09-30,0001085146-18-002675
N/A,MACQUARIE INFRASTRUCTURE COR,55608bab1,4667000.0,5175000,0.12895631594435564,2018-11-14,2018-09-30,0001085146-18-002675
MCD,MCDONALDS CORP,580135101,4604000.0,27521,0.1272155300209585,2018-11-14,2018-09-30,0001085146-18-002675
N/A,ALDER BIOPHARMACEUTICALS INC,014339aa3,4566000.0,4250000,0.1261655321624015,2018-11-14,2018-09-30,0001085146-18-002675
N/A,WAYFAIR INC,94419lab7,4534000.0,3000000,0.12528132343940615,2018-11-14,2018-09-30,0001085146-18-002675
HON,HONEYWELL INTL INC,438516106,4529000.0,27216,0.12514316582643814,2018-11-14,2018-09-30,0001085146-18-002675
N/A,INTEGRATED DEVICE TECHNOLOGY,458118ac0,4519000.0,3000000,0.12486685060050208,2018-11-14,2018-09-30,0001085146-18-002675
N/A,REALPAGE INC,75606nab5,4503000.0,2750000,0.12442474623900437,2018-11-14,2018-09-30,0001085146-18-002675
N/A,YANDEX NV,98474tab3,4426000.0,4465000,0.12229711899929678,2018-11-14,2018-09-30,0001085146-18-002675
PM,PHILIP MORRIS INTL INC,718172109,4342000.0,53245,0.11997607110143395,2018-11-14,2018-09-30,0001085146-18-002675
N/A,HUBSPOT INC,443573ab6,4320000.0,2620000,0.11936817760437463,2018-11-14,2018-09-30,0001085146-18-002675
N/A,BIOMARIN PHARMACEUTICAL INC,09061gae1,4256000.0,4107000,0.1175997601583839,2018-11-14,2018-09-30,0001085146-18-002675
QCOM,QUALCOMM INC,747525103,4181000.0,58050,0.1155273959638635,2018-11-14,2018-09-30,0001085146-18-002675
N/A,NABORS INDUSTRIES LTD,G6359f129,4163000.0,95000,0.1150300285571786,2018-11-14,2018-09-30,0001085146-18-002675
N/A,PRA GROUP INC,69354nab2,4133000.0,4000000,0.11420108287937045,2018-11-14,2018-09-30,0001085146-18-002675
N/A,LAZARD LTD,G54050102,4119000.0,85587,0.11381424156305998,2018-11-14,2018-09-30,0001085146-18-002675
N/A,PROS HOLDINGS INC,74346yab9,4101000.0,3522000,0.11331687415637506,2018-11-14,2018-09-30,0001085146-18-002675
N/A,CITRIX SYS INC,177376ad2,4075000.0,2650000,0.11259845456894134,2018-11-14,2018-09-30,0001085146-18-002675
N/A,GUIDEWIRE SOFTWARE INC,40171vaa8,4021000.0,3750000,0.11110635234888666,2018-11-14,2018-09-30,0001085146-18-002675
N/A,ENSCO JERSEY FIN LTD,29359wab1,3983000.0,4000000,0.11005635449032966,2018-11-14,2018-09-30,0001085146-18-002675
N/A,YAHOO INC,984332af3,3954000.0,3100000,0.10925504033511511,2018-11-14,2018-09-30,0001085146-18-002675
XLNXEUR,XILINX INC,983919101,3934000.0,49075,0.108702409883243,2018-11-14,2018-09-30,0001085146-18-002675
N/A,WHITING PETE CORP NEW,966387al6,3931000.0,4097000,0.10861951531546218,2018-11-14,2018-09-30,0001085146-18-002675
N/A,PANDORA MEDIA INC,698354ab3,3912000.0,3996000,0.10809451638618368,2018-11-14,2018-09-30,0001085146-18-002675
N/A,TERADYNE INC,880770ag7,3904000.0,3000000,0.10787346420543485,2018-11-14,2018-09-30,0001085146-18-002675
N/A,VECTOR GROUP LTD,92240may4,3897000.0,3600000,0.1076800435472796,2018-11-14,2018-09-30,0001085146-18-002675
N/A,BIOMARIN PHARMACEUTICAL INC,09061gaf8,3873000.0,3239000,0.10701688700503309,2018-11-14,2018-09-30,0001085146-18-002675
HES 8 02/01/19,HESS CORP,42809H404,3857000.0,48500,0.10657478264353538,2018-11-14,2018-09-30,0001085146-18-002675
MIC2EUR,MACQUARIE INFRASTRUCTURE COR,55608B105,3852000.0,83500,0.10643662503056738,2018-11-14,2018-09-30,0001085146-18-002675
N/A,CTRIP COM INTL LTD,22943fam2,3842000.0,3920000,0.10616030980463131,2018-11-14,2018-09-30,0001085146-18-002675
BRK/A,BERKSHIRE HATHAWAY INC DEL,084670108,3840000.0,12,0.1061050467594441,2018-11-14,2018-09-30,0001085146-18-002675
N/A,DEXCOM INC,252131af4,3833000.0,2500000,0.10591162610128887,2018-11-14,2018-09-30,0001085146-18-002675
N/A,CTRIP COM INTL LTD,22943faf7,3705000.0,3768000,0.1023747912093074,2018-11-14,2018-09-30,0001085146-18-002675
ROP,ROPER TECHNOLOGIES INC,776696106,3679000.0,12419,0.10165637162187367,2018-11-14,2018-09-30,0001085146-18-002675
N/A,RED HAT INC,756577ad4,3675000.0,1987000,0.10154584553149924,2018-11-14,2018-09-30,0001085146-18-002675
N/A,CARDTRONICS INC,14161hag3,3672000.0,3782000,0.10146295096371842,2018-11-14,2018-09-30,0001085146-18-002675
TXN,TEXAS INSTRS INC,882508104,3672000.0,34225,0.10146295096371842,2018-11-14,2018-09-30,0001085146-18-002675
N/A,NAVISTAR INTL CORP NEW,63934eaq1,3639000.0,3639000,0.10055111071812946,2018-11-14,2018-09-30,0001085146-18-002675
N/A,TESARO INC,881569aa5,3620000.0,2718000,0.10002611178885096,2018-11-14,2018-09-30,0001085146-18-002675
N/A,TESLA INC,88160rad3,3576000.0,3500000,0.09881032479473233,2018-11-14,2018-09-30,0001085146-18-002675
N/A,INSMED INC,457669aa7,3575000.0,4200000,0.09878269327213872,2018-11-14,2018-09-30,0001085146-18-002675
ARCC,ARES CAP CORP,04010L103,3564000.0,207345,0.09847874652360908,2018-11-14,2018-09-30,0001085146-18-002675
N/A,VECTOR GROUP LTD,92240mbc1,3553000.0,3408000,0.09817479977507941,2018-11-14,2018-09-30,0001085146-18-002675
N/A,NUANCE COMMUNICATIONS INC,67020yak6,3529000.0,3750000,0.09751164323283287,2018-11-14,2018-09-30,0001085146-18-002675
T,AT&T INC,00206R102,3519000.0,104797,0.09723532800689683,2018-11-14,2018-09-30,0001085146-18-002675
N/A,MICRON TECHNOLOGY INC,595112ay9,3501000.0,2257000,0.09673796060021193,2018-11-14,2018-09-30,0001085146-18-002675
N/A,LIVE NATION ENTERTAINMENT IN,538034aj8,3448000.0,2190000,0.09527348990275086,2018-11-14,2018-09-30,0001085146-18-002675
N/A,KB HOME,48666kas8,3439000.0,3366000,0.09502480619940841,2018-11-14,2018-09-30,0001085146-18-002675
KKR,KKR & CO INC,48251W104,3431000.0,125798,0.09480375401865956,2018-11-14,2018-09-30,0001085146-18-002675
N/A,TTM TECHNOLOGIES INC,87305rad1,3415000.0,2000000,0.09436164965716189,2018-11-14,2018-09-30,0001085146-18-002675
N/A,ANTHEM INC,94973vbg1,3401000.0,900000,0.09397480834085141,2018-11-14,2018-09-30,0001085146-18-002675
N/A,AEROJET ROCKETDYNE HLDGS INC,007800ab1,3395000.0,2380000,0.09380901920528978,2018-11-14,2018-09-30,0001085146-18-002675
AMAT,APPLIED MATLS INC,038222105,3384000.0,87549,0.09350507245676012,2018-11-14,2018-09-30,0001085146-18-002675
N/A,BLACKSTONE MTG TR INC,09257wab6,3381000.0,3375000,0.09342217788897932,2018-11-14,2018-09-30,0001085146-18-002675
CCI 6.875 08/01/20 A,CROWN CASTLE INTL CORP NEW,22822V309,3355000.0,3100,0.09270375830154556,2018-11-14,2018-09-30,0001085146-18-002675
N/A,REDFIN CORP,75737faa6,3272000.0,3600000,0.09041034192627634,2018-11-14,2018-09-30,0001085146-18-002675
NOC,NORTHROP GRUMMAN CORP,666807102,3194000.0,10065,0.08825508316397512,2018-11-14,2018-09-30,0001085146-18-002675
N/A,FORESTAR GROUP INC,346232ab7,3184000.0,3200000,0.08797876793803908,2018-11-14,2018-09-30,0001085146-18-002675
N/A,INVACARE CORP,461203ah4,3177000.0,2802000,0.08778534727988384,2018-11-14,2018-09-30,0001085146-18-002675
N/A,TESLA INC,88160rac5,3168000.0,3300000,0.08753666357654138,2018-11-14,2018-09-30,0001085146-18-002675
N/A,CYPRESS SEMICONDUCTOR CORP,232806am1,3146000.0,2492000,0.08692877007948208,2018-11-14,2018-09-30,0001085146-18-002675
KHC,KRAFT HEINZ CO,500754106,3138000.0,56948,0.08670771789873323,2018-11-14,2018-09-30,0001085146-18-002675
N/A,AMAG PHARMACEUTICALS INC,00163uad8,3133000.0,3000000,0.0865695602857652,2018-11-14,2018-09-30,0001085146-18-002675
BKIEUR,BLACK KNIGHT INC,09215C105,3106000.0,59779,0.08582350917573786,2018-11-14,2018-09-30,0001085146-18-002675
N/A,TELADOC HEALTH INC,87918aab1,3101000.0,1500000,0.08568535156276984,2018-11-14,2018-09-30,0001085146-18-002675
N/A,ENDOLOGIX INC,29266s106,3033000.0,1587792,0.08380640802640468,2018-11-14,2018-09-30,0001085146-18-002675
N/A,WESTERN ASSET MTG CAP CORP,95790daa3,3027000.0,3000000,0.08364061889084305,2018-11-14,2018-09-30,0001085146-18-002675
N/A,SHIP FINANCE INTERNATIONAL L,g81075af3,3005000.0,3000000,0.08303272539378374,2018-11-14,2018-09-30,0001085146-18-002675
XOM,EXXON MOBIL CORP,30231G102,2983000.0,35085,0.08242483189672442,2018-11-14,2018-09-30,0001085146-18-002675
EPR 9 PERP E,EPR PPTYS,26884U307,2974000.0,83400,0.08217614819338197,2018-11-14,2018-09-30,0001085146-18-002675
N/A,TRANSOCEAN INC,893830bj7,2970000.0,2000000,0.08206562210300755,2018-11-14,2018-09-30,0001085146-18-002675
N/A,SM ENERGY CO,78454lam2,2941000.0,2686000,0.081264307947793,2018-11-14,2018-09-30,0001085146-18-002675
N/A,TEAM INC,878155ae0,2913000.0,2300000,0.08049062531517207,2018-11-14,2018-09-30,0001085146-18-002675
N/A,PDC ENERGY INC,69327rad3,2902000.0,2986000,0.0801866785666424,2018-11-14,2018-09-30,0001085146-18-002675
N/A,EVOLENT HEALTH INC,30050bab7,2884000.0,2125000,0.0796893111599575,2018-11-14,2018-09-30,0001085146-18-002675
N/A,MERITOR INC,59001kaf7,2863000.0,3000000,0.07910904918549179,2018-11-14,2018-09-30,0001085146-18-002675
N/A,LENDINGTREE INC NEW,52603baa5,2853000.0,2250000,0.07883273395955574,2018-11-14,2018-09-30,0001085146-18-002675
ABBV,ABBVIE INC,00287Y109,2807000.0,29675,0.0775616839202499,2018-11-14,2018-09-30,0001085146-18-002675
NKE,NIKE INC,654106103,2794000.0,32975,0.07720247412653303,2018-11-14,2018-09-30,0001085146-18-002675
N/A,ENVESTNET INC,29404kaa4,2788000.0,2522000,0.0770366849909714,2018-11-14,2018-09-30,0001085146-18-002675
N/A,ON SEMICONDUCTOR CORP,682189ak1,2764000.0,2380000,0.07637352844872487,2018-11-14,2018-09-30,0001085146-18-002675
N/A,ENDOLOGIX INC,29266saa4,2761000.0,2846000,0.07629063388094406,2018-11-14,2018-09-30,0001085146-18-002675
N/A,MEDICINES CO,584688ag0,2745000.0,3000000,0.07584852951944637,2018-11-14,2018-09-30,0001085146-18-002675
N/A,OASIS PETE INC NEW,674215aj7,2695000.0,2000000,0.07446695338976611,2018-11-14,2018-09-30,0001085146-18-002675
HIG,HARTFORD FINL SVCS GROUP INC,416515104,2673000.0,53500,0.0738590598927068,2018-11-14,2018-09-30,0001085146-18-002675
N/A,ASSURANT INC,04621x207,2649000.0,23000,0.07319590335046028,2018-11-14,2018-09-30,0001085146-18-002675
N/A,J2 GLOBAL INC,48123vac6,2598000.0,2000000,0.07178669569818641,2018-11-14,2018-09-30,0001085146-18-002675
RYAM 8 08/15/19 A,RAYONIER ADVANCED MATLS INC,75508B203,2577000.0,20000,0.0712064337237207,2018-11-14,2018-09-30,0001085146-18-002675
N/A,INFINERA CORPORATION,45667gac7,2536000.0,2500000,0.07007354129738289,2018-11-14,2018-09-30,0001085146-18-002675
N/A,AMERICAN RLTY CAP PPTYS INC,02917tab0,2520000.0,2495000,0.0696314369358852,2018-11-14,2018-09-30,0001085146-18-002675
EPD,ENTERPRISE PRODS PARTNERS L,293792107,2479000.0,86296,0.06849854450954738,2018-11-14,2018-09-30,0001085146-18-002675
N/A,NVIDIA CORP,67066gac8,2449000.0,175000,0.06766959883173923,2018-11-14,2018-09-30,0001085146-18-002675
N/A,OSI SYSTEMS INC,671044ad7,2410000.0,2500000,0.06659196945058862,2018-11-14,2018-09-30,0001085146-18-002675
N/A,MEDICINES CO,584688ae5,2366000.0,2200000,0.06537618245646999,2018-11-14,2018-09-30,0001085146-18-002675
MCHP,MICROCHIP TECHNOLOGY INC,595017104,2351000.0,29790,0.06496170961756591,2018-11-14,2018-09-30,0001085146-18-002675
N/A,ATLAS AIR WORLDWIDE HLDGS IN,049164bh8,2311000.0,2000000,0.0638564487138217,2018-11-14,2018-09-30,0001085146-18-002675
N/A,KNOWLES CORP,49926dab5,2298000.0,2000000,0.06349723892010484,2018-11-14,2018-09-30,0001085146-18-002675
N/A,NEW YORK CMNTY CAP TR V,64944p307,2281000.0,46366,0.06302750303601354,2018-11-14,2018-09-30,0001085146-18-002675
N/A,UNISYS CORP,909214bs6,2206000.0,1000000,0.06095513884149316,2018-11-14,2018-09-30,0001085146-18-002675
BGS,B & G FOODS INC NEW,05508R106,2203000.0,80250,0.060872244273712336,2018-11-14,2018-09-30,0001085146-18-002675
N/A,SYNAPTICS INC,87157dad1,2189000.0,2280000,0.06048540295740186,2018-11-14,2018-09-30,0001085146-18-002675
WWEUSD,WORLD WRESTLING ENTMT INC,98156Q108,2162000.0,22350,0.05973935184737453,2018-11-14,2018-09-30,0001085146-18-002675
N/A,VEECO INSTRS INC DEL,922417ad2,2116000.0,2500000,0.05846830180806868,2018-11-14,2018-09-30,0001085146-18-002675
N/A,CSG SYS INTL INC,126349af6,2115000.0,2000000,0.058440670285475074,2018-11-14,2018-09-30,0001085146-18-002675
N/A,EZCORP INC,302301af3,2111000.0,1700000,0.05833014419510065,2018-11-14,2018-09-30,0001085146-18-002675
ALE,ALLETE INC,018522300,2100000.0,28000,0.058026197446571,2018-11-14,2018-09-30,0001085146-18-002675
N/A,GOLAR LNG LTD,38046yab7,2100000.0,2000000,0.058026197446571,2018-11-14,2018-09-30,0001085146-18-002675
N/A,FINISAR CORP,31787aap6,2064000.0,2250000,0.05703146263320121,2018-11-14,2018-09-30,0001085146-18-002675
ALLE,ALLEGION PUB LTD CO,G0176J109,2055000.0,22691,0.056782778929858765,2018-11-14,2018-09-30,0001085146-18-002675
N/A,RPM INTL INC,749685at0,1977000.0,1600000,0.05462752016755756,2018-11-14,2018-09-30,0001085146-18-002675
VST 7 07/01/19,VISTRA ENERGY CORP,92840M300,1941000.0,20000,0.053632785354187765,2018-11-14,2018-09-30,0001085146-18-002675
N/A,REDWOOD TR INC,758075ac9,1931000.0,2000000,0.05335647012825171,2018-11-14,2018-09-30,0001085146-18-002675
N/A,ILLUMINA INC,452327ah2,1893000.0,1250000,0.05230647226969472,2018-11-14,2018-09-30,0001085146-18-002675
CLNSEUR,COLONY CAP INC NEW,19626G108,1893000.0,310785,0.05230647226969472,2018-11-14,2018-09-30,0001085146-18-002675
N/A,INCYTE CORP,45337can2,1892000.0,1321000,0.05227884074710111,2018-11-14,2018-09-30,0001085146-18-002675
N/A,NXP SEMICONDUCTORS N V,N6596X109,1891000.0,22120,0.0522512092245075,2018-11-14,2018-09-30,0001085146-18-002675
N/A,NEUROCRINE BIOSCIENCES INC,64125cad1,1879000.0,1100000,0.05191963095338424,2018-11-14,2018-09-30,0001085146-18-002675
N/A,ANI PHARMACEUTICALS INC,00182caa1,1862000.0,1758000,0.05144989506929295,2018-11-14,2018-09-30,0001085146-18-002675
N/A,ATLAS AIR WORLDWIDE HLDGS IN,049164bj4,1811000.0,1500000,0.050040687417019086,2018-11-14,2018-09-30,0001085146-18-002675
N/A,II VI INC,902104ab4,1756000.0,1500000,0.0485209536743708,2018-11-14,2018-09-30,0001085146-18-002675
N/A,LIBERTY MEDIA CORP DELAWARE,531229af9,1755000.0,1500000,0.04849332215177719,2018-11-14,2018-09-30,0001085146-18-002675
N/A,IGI LABORATORIES INC,449575ab5,1724000.0,1800000,0.04763674495137543,2018-11-14,2018-09-30,0001085146-18-002675
N/A,CHENIERE ENERGY INC,16411rag4,1706000.0,2120000,0.04713937754469053,2018-11-14,2018-09-30,0001085146-18-002675
N/A,IRONWOOD PHARMACEUTICALS INC,46333xad0,1695000.0,1300000,0.04683543079616088,2018-11-14,2018-09-30,0001085146-18-002675
N/A,ROYAL GOLD INC,780287aa6,1694000.0,1679000,0.04680779927356727,2018-11-14,2018-09-30,0001085146-18-002675
N/A,ALLERGAN PLC,G0177J108,1694000.0,8892,0.04680779927356727,2018-11-14,2018-09-30,0001085146-18-002675
INTU,INTUIT,461202103,1663000.0,7313,0.04595122207316551,2018-11-14,2018-09-30,0001085146-18-002675
N/A,SERVICENOW INC,81762pab8,1623000.0,615000,0.0448459611694213,2018-11-14,2018-09-30,0001085146-18-002675
N/A,CTRIP COM INTL LTD,22943fah3,1558000.0,1500000,0.04304991220083696,2018-11-14,2018-09-30,0001085146-18-002675
CMCSA,COMCAST CORP NEW,20030N101,1553000.0,43850,0.04291175458786893,2018-11-14,2018-09-30,0001085146-18-002675
N/A,NUANCE COMMUNICATIONS INC,67020yan0,1547000.0,1500000,0.0427459654523073,2018-11-14,2018-09-30,0001085146-18-002675
N/A,SUNPOWER CORP,867652al3,1512000.0,1800000,0.04177886216153112,2018-11-14,2018-09-30,0001085146-18-002675
N/A,ENCORE CAP GROUP INC,292554ak8,1503000.0,1500000,0.04153017845818867,2018-11-14,2018-09-30,0001085146-18-002675
N/A,BLACKROCK TCP CAPITAL CORP,87238qad5,1500000.0,1500000,0.04144728389040786,2018-11-14,2018-09-30,0001085146-18-002675
SWK 5.375 05/15/20,STANLEY BLACK & DECKER INC,854502887,1496000.0,13500,0.04133675780003343,2018-11-14,2018-09-30,0001085146-18-002675
N/A,NEW YORK MTG TR INC,649604ad7,1489000.0,1500000,0.0411433371418782,2018-11-14,2018-09-30,0001085146-18-002675
N/A,CANOPY GROWTH CORP,138035100,1459000.0,30000,0.040314391464070044,2018-11-14,2018-09-30,0001085146-18-002675
QTEC,FIRST TR NASDAQ100 TECH INDE,337345102,1448000.0,18250,0.04001044471554038,2018-11-14,2018-09-30,0001085146-18-002675
N/A,RTW HLDGS INC,749772ab5,1435000.0,1417000,0.039651234921823514,2018-11-14,2018-09-30,0001085146-18-002675
VOD,VODAFONE GROUP PLC NEW,92857W308,1433000.0,66024,0.039595971876636306,2018-11-14,2018-09-30,0001085146-18-002675
NTRS,NORTHERN TR CORP,665859104,1430000.0,14000,0.039513077308855483,2018-11-14,2018-09-30,0001085146-18-002675
COP,CONOCOPHILLIPS,20825C104,1395000.0,18025,0.038545974018079306,2018-11-14,2018-09-30,0001085146-18-002675
GOOGL,ALPHABET INC,02079K305,1381000.0,1144,0.038159132701768836,2018-11-14,2018-09-30,0001085146-18-002675
RH,RH,74967X103,1376000.0,10500,0.038020975088800806,2018-11-14,2018-09-30,0001085146-18-002675
MNRUSD,MONMOUTH REAL ESTATE INVT CO,609720107,1372000.0,82034,0.03791044899842638,2018-11-14,2018-09-30,0001085146-18-002675
EA,ELECTRONIC ARTS INC,285512109,1301000.0,10800,0.03594861089428041,2018-11-14,2018-09-30,0001085146-18-002675
N/A,ZILLOW GROUP INC,98954mac5,1293000.0,1400000,0.035727558713531574,2018-11-14,2018-09-30,0001085146-18-002675
N/A,RESTORATION HARDWARE HLDGS I,761283ac4,1234000.0,1000000,0.034097298880508865,2018-11-14,2018-09-30,0001085146-18-002675
N/A,RETROPHIN INC,761299ab2,1233000.0,1200000,0.03406966735791526,2018-11-14,2018-09-30,0001085146-18-002675
NAVI,NAVIENT CORPORATION,63938C108,1202000.0,89200,0.033213090157513496,2018-11-14,2018-09-30,0001085146-18-002675
N/A,KAMAN CORP,483548af0,1175000.0,1000000,0.03246703904748615,2018-11-14,2018-09-30,0001085146-18-002675
N/A,CLOVIS ONCOLOGY INC,189464ab6,1170000.0,1250000,0.03232888143451813,2018-11-14,2018-09-30,0001085146-18-002675
HD,HOME DEPOT INC,437076102,1157000.0,5587,0.03196967164080126,2018-11-14,2018-09-30,0001085146-18-002675
CWB,SPDR SERIES TRUST,78464A359,1133000.0,21000,0.031306515098554734,2018-11-14,2018-09-30,0001085146-18-002675
N/A,ON SEMICONDUCTOR CORP,682189ap0,1124000.0,1000000,0.031057831395212288,2018-11-14,2018-09-30,0001085146-18-002675
SRE 6 01/15/21 A,SEMPRA ENERGY,816851406,1120000.0,11000,0.030947305304837868,2018-11-14,2018-09-30,0001085146-18-002675
N/A,SOLARCITY CORP,83416tac4,1108000.0,1259000,0.0306157270337146,2018-11-14,2018-09-30,0001085146-18-002675
N/A,FIREEYE INC,31816qad3,1100000.0,1200000,0.03039467485296576,2018-11-14,2018-09-30,0001085146-18-002675
HSIC,SCHEIN HENRY INC,806407102,1082000.0,12720,0.029897307446280864,2018-11-14,2018-09-30,0001085146-18-002675
N/A,SILICON LABORATORIES INC,826919ab8,1075000.0,940000,0.02970388678812563,2018-11-14,2018-09-30,0001085146-18-002675
CNP,CENTERPOINT ENERGY INC,15189T107,1035000.0,37450,0.028598625884381418,2018-11-14,2018-09-30,0001085146-18-002675
TMO,THERMO FISHER SCIENTIFIC INC,883556102,1025000.0,4200,0.02832231065844537,2018-11-14,2018-09-30,0001085146-18-002675
N/A,JAZZ INVESTMENTS I LTD,472145ad3,1016000.0,1000000,0.028073626955102918,2018-11-14,2018-09-30,0001085146-18-002675
N/A,TPG SPECIALTY LENDING INC,87265kad4,1011000.0,1000000,0.027935469342134894,2018-11-14,2018-09-30,0001085146-18-002675
N/A,LAM RESEARCH CORP,512807108,1001000.0,6600,0.02765915411619884,2018-11-14,2018-09-30,0001085146-18-002675
N/A,ACORDA THERAPEUTICS INC,00484maa4,1000000.0,1173000,0.027631522593605237,2018-11-14,2018-09-30,0001085146-18-002675
ADBE,ADOBE SYS INC,00724F101,999000.0,3700,0.02760389107101163,2018-11-14,2018-09-30,0001085146-18-002675
N/A,INTERCEPT PHARMACEUTICALS IN,45845paa6,985000.0,975000,0.02721704975470116,2018-11-14,2018-09-30,0001085146-18-002675
KMI 9.75 10/26/18 A,KINDER MORGAN INC DEL,49456B200,971000.0,29093,0.026830208438390686,2018-11-14,2018-09-30,0001085146-18-002675
PG,PROCTER AND GAMBLE CO,742718109,967000.0,11623,0.026719682348016263,2018-11-14,2018-09-30,0001085146-18-002675
D 6.75 08/15/19 A,DOMINION ENERGY INC,25746U836,948000.0,20000,0.026194683418737763,2018-11-14,2018-09-30,0001085146-18-002675
OEC,ORION ENGINEERED CARBONS S A,L72967109,941000.0,29320,0.026001262760582528,2018-11-14,2018-09-30,0001085146-18-002675
BABA,ALIBABA GROUP HLDG LTD,01609W102,937000.0,5685,0.02589073667020811,2018-11-14,2018-09-30,0001085146-18-002675
PFE,PFIZER INC,717081103,923000.0,20944,0.025503895353897632,2018-11-14,2018-09-30,0001085146-18-002675
SLM,SLM CORP,78442P106,905000.0,81200,0.02500652794721274,2018-11-14,2018-09-30,0001085146-18-002675
N/A,LIBERTY MEDIA CORP DELAWARE,531229ab8,903000.0,743000,0.02495126490202553,2018-11-14,2018-09-30,0001085146-18-002675
AAL,AMERICAN AIRLS GROUP INC,02376R102,899000.0,21750,0.024840738811651105,2018-11-14,2018-09-30,0001085146-18-002675
C,CITIGROUP INC,172967424,887000.0,12370,0.024509160540527843,2018-11-14,2018-09-30,0001085146-18-002675
AELUSD,AMERICAN EQTY INVT LIFE HLD,025676206,884000.0,24987,0.024426265972747028,2018-11-14,2018-09-30,0001085146-18-002675
EXPE,EXPEDIA GROUP INC,30212P303,868000.0,6656,0.023984161611249347,2018-11-14,2018-09-30,0001085146-18-002675
BAC,BANK AMER CORP,060505104,862000.0,29250,0.023818372475687716,2018-11-14,2018-09-30,0001085146-18-002675
KDP,KEURIG DR PEPPER INC,49271V100,856000.0,36937,0.023652583340126085,2018-11-14,2018-09-30,0001085146-18-002675
INGN,INOGEN INC,45780L104,854000.0,3500,0.02359732029493887,2018-11-14,2018-09-30,0001085146-18-002675
ATVIEUR,ACTIVISION BLIZZARD INC,00507V109,847000.0,10180,0.023403899636783635,2018-11-14,2018-09-30,0001085146-18-002675
DVN,DEVON ENERGY CORP NEW,25179M103,798000.0,19990,0.022049955029696977,2018-11-14,2018-09-30,0001085146-18-002675
MTG,MGIC INVT CORP WIS,552848103,772000.0,58000,0.021331535442263242,2018-11-14,2018-09-30,0001085146-18-002675
N/A,ACETO CORP,004446ad2,750000.0,1000000,0.02072364194520393,2018-11-14,2018-09-30,0001085146-18-002675
INTC,INTEL CORP,458140100,709000.0,15000,0.01959074951886611,2018-11-14,2018-09-30,0001085146-18-002675
APD,AIR PRODS & CHEMS INC,009158106,672000.0,4020,0.01856838318290272,2018-11-14,2018-09-30,0001085146-18-002675
N/A,NEKTAR THERAPEUTICS,640268108,671000.0,11000,0.018540751660309114,2018-11-14,2018-09-30,0001085146-18-002675
CELG,CELGENE CORP,151020104,665000.0,7430,0.01837496252474748,2018-11-14,2018-09-30,0001085146-18-002675
WFC,WELLS FARGO CO NEW,949746101,662000.0,12600,0.018292067956966668,2018-11-14,2018-09-30,0001085146-18-002675
N/A,LUMENTUM HLDGS INC,55024u109,659000.0,11000,0.01820917338918585,2018-11-14,2018-09-30,0001085146-18-002675
TECD1USD,TECH DATA CORP,878237106,644000.0,9000,0.017794700550281775,2018-11-14,2018-09-30,0001085146-18-002675
SYNA,SYNAPTICS INC,87157D109,639000.0,14000,0.017656542937313748,2018-11-14,2018-09-30,0001085146-18-002675
GILD,GILEAD SCIENCES INC,375558103,636000.0,8235,0.01757364836953293,2018-11-14,2018-09-30,0001085146-18-002675
WDC,WESTERN DIGITAL CORP,958102105,629000.0,10750,0.017380227711377694,2018-11-14,2018-09-30,0001085146-18-002675
N/A,NOVAVAX INC,670002ab0,610000.0,1000000,0.016855228782099194,2018-11-14,2018-09-30,0001085146-18-002675
NEE 6.123 09/01/19,NEXTERA ENERGY INC,65339F820,607000.0,10585,0.01677233421431838,2018-11-14,2018-09-30,0001085146-18-002675
ED,CONSOLIDATED EDISON INC,209115104,573000.0,7526,0.0158328624461358,2018-11-14,2018-09-30,0001085146-18-002675
N/A,PLATFORM SPECIALTY PRODS COR,72766Q105,561000.0,45000,0.015501284175012538,2018-11-14,2018-09-30,0001085146-18-002675
IFF 6 09/15/21,INTERNATIONAL FLAVORS&FRAGRA,459506309,545000.0,10000,0.015059179813514855,2018-11-14,2018-09-30,0001085146-18-002675
THO,THOR INDS INC,885160101,540000.0,6450,0.014921022200546828,2018-11-14,2018-09-30,0001085146-18-002675
N/A,SINA CORP,G81477104,538000.0,7750,0.014865759155359618,2018-11-14,2018-09-30,0001085146-18-002675
MU,MICRON TECHNOLOGY INC,595112103,520000.0,11500,0.014368391748674722,2018-11-14,2018-09-30,0001085146-18-002675
BXUSD,BLACKSTONE GROUP L P,09253U108,512000.0,13435,0.014147339567925882,2018-11-14,2018-09-30,0001085146-18-002675
AFL,AFLAC INC,001055102,508000.0,10800,0.014036813477551459,2018-11-14,2018-09-30,0001085146-18-002675
MLM,MARTIN MARIETTA MATLS INC,573284106,505000.0,2775,0.013953918909770645,2018-11-14,2018-09-30,0001085146-18-002675
N/A,INPHI CORP,45772fac1,493000.0,500000,0.013622340638647383,2018-11-14,2018-09-30,0001085146-18-002675
N/A,FCB FINL HLDGS INC,30255G103,493000.0,10400,0.013622340638647383,2018-11-14,2018-09-30,0001085146-18-002675
LUV,SOUTHWEST AIRLS CO,844741108,489000.0,7832,0.01351181454827296,2018-11-14,2018-09-30,0001085146-18-002675
IBM,INTERNATIONAL BUSINESS MACHS,459200101,480000.0,3172,0.013263130844930512,2018-11-14,2018-09-30,0001085146-18-002675
PDCEUSD,PDC ENERGY INC,69327R101,470000.0,9600,0.01298681561899446,2018-11-14,2018-09-30,0001085146-18-002675
KBE,SPDR SERIES TRUST,78464A797,466000.0,10000,0.012876289528620041,2018-11-14,2018-09-30,0001085146-18-002675
JBLU,JETBLUE AIRWAYS CORP,477143101,421000.0,21750,0.011632871011907804,2018-11-14,2018-09-30,0001085146-18-002675
TSM,TAIWAN SEMICONDUCTOR MFG LTD,874039100,420000.0,9500,0.0116052394893142,2018-11-14,2018-09-30,0001085146-18-002675
AMG,AFFILIATED MANAGERS GROUP,008252108,414000.0,3027,0.01143945035375257,2018-11-14,2018-09-30,0001085146-18-002675
WMB,WILLIAMS COS INC DEL,969457100,408000.0,15000,0.011273661218190937,2018-11-14,2018-09-30,0001085146-18-002675
GS,GOLDMAN SACHS GROUP INC,38141G104,395000.0,1760,0.010914451424474069,2018-11-14,2018-09-30,0001085146-18-002675
FDX,FEDEX CORP,31428X106,385000.0,1600,0.010638136198538015,2018-11-14,2018-09-30,0001085146-18-002675
PEP,PEPSICO INC,713448108,383000.0,3430,0.010582873153350806,2018-11-14,2018-09-30,0001085146-18-002675
N/A,SEAGATE TECHNOLOGY PLC,G7945M107,379000.0,8000,0.010472347062976384,2018-11-14,2018-09-30,0001085146-18-002675
NWL,NEWELL BRANDS INC,651229106,379000.0,18650,0.010472347062976384,2018-11-14,2018-09-30,0001085146-18-002675
LEN,LENNAR CORP,526057104,374000.0,8000,0.010334189450008358,2018-11-14,2018-09-30,0001085146-18-002675
TDG,TRANSDIGM GROUP INC,893641100,372000.0,1000,0.010278926404821148,2018-11-14,2018-09-30,0001085146-18-002675
MAS,MASCO CORP,574599106,366000.0,10000,0.010113137269259515,2018-11-14,2018-09-30,0001085146-18-002675
PYPL,PAYPAL HLDGS INC,70450Y103,351000.0,4000,0.009698664430355438,2018-11-14,2018-09-30,0001085146-18-002675
LMT,LOCKHEED MARTIN CORP,539830109,346000.0,1000,0.009560506817387411,2018-11-14,2018-09-30,0001085146-18-002675
PVH,PVH CORP,693656100,343000.0,2378,0.009477612249606596,2018-11-14,2018-09-30,0001085146-18-002675
FNSR,FINISAR CORP,31787A507,343000.0,18000,0.009477612249606596,2018-11-14,2018-09-30,0001085146-18-002675
FEYECHF,FIREEYE INC,31816Q101,306000.0,18000,0.008455245913643203,2018-11-14,2018-09-30,0001085146-18-002675
VECO,VEECO INSTRS INC DEL,922417100,297000.0,29000,0.008206562210300757,2018-11-14,2018-09-30,0001085146-18-002675
N/A,PIVOTAL SOFTWARE INC,72582H107,294000.0,15000,0.00812366764251994,2018-11-14,2018-09-30,0001085146-18-002675
SPY,SPDR S&P 500 ETF TR,78462F103,291000.0,1000,0.008040773074739124,2018-11-14,2018-09-30,0001085146-18-002675
JD,JD COM INC,47215P106,291000.0,11140,0.008040773074739124,2018-11-14,2018-09-30,0001085146-18-002675
N/A,APTIV PLC,G6095L109,289000.0,3440,0.007985510029551914,2018-11-14,2018-09-30,0001085146-18-002675
SJT,SAN JUAN BASIN RTY TR,798241105,283000.0,57000,0.007819720893990283,2018-11-14,2018-09-30,0001085146-18-002675
APC,ANADARKO PETE CORP,032511107,282000.0,4180,0.007792089371396677,2018-11-14,2018-09-30,0001085146-18-002675
CODI,COMPASS DIVERSIFIED HOLDINGS,20451Q104,278000.0,15300,0.0076815632810222564,2018-11-14,2018-09-30,0001085146-18-002675
ARNCCHF,ARCONIC INC,03965L100,275000.0,12500,0.00759866871324144,2018-11-14,2018-09-30,0001085146-18-002675
TIVOEUR,TIVO CORP,88870P106,274000.0,22000,0.007571037190647834,2018-11-14,2018-09-30,0001085146-18-002675
AWM,SKYWORKS SOLUTIONS INC,83088M102,272000.0,3000,0.007515774145460625,2018-11-14,2018-09-30,0001085146-18-002675
N/A,CLOVIS ONCOLOGY INC,189464ac4,257000.0,330000,0.007101301306556546,2018-11-14,2018-09-30,0001085146-18-002675
TREE,LENDINGTREE INC NEW,52603B107,253000.0,1100,0.0069907752161821254,2018-11-14,2018-09-30,0001085146-18-002675
D,DOMINION ENERGY INC,25746U109,251000.0,3565,0.006935512170994914,2018-11-14,2018-09-30,0001085146-18-002675
N/A,CRISPR THERAPEUTICS AG,H17182108,246000.0,5550,0.006797354558026888,2018-11-14,2018-09-30,0001085146-18-002675
AMT,AMERICAN TOWER CORP NEW,03027X100,245000.0,1683,0.006769723035433283,2018-11-14,2018-09-30,0001085146-18-002675
RTRXEUR,RETROPHIN INC,761299106,244000.0,8500,0.006742091512839678,2018-11-14,2018-09-30,0001085146-18-002675
N/A,SEACOR HOLDINGS INC,81170yab5,242000.0,250000,0.006686828467652468,2018-11-14,2018-09-30,0001085146-18-002675
INCY,INCYTE CORP,45337C102,238000.0,3442,0.006576302377278046,2018-11-14,2018-09-30,0001085146-18-002675
JECUSD,JACOBS ENGR GROUP INC DEL,469814107,236000.0,3090,0.006521039332090836,2018-11-14,2018-09-30,0001085146-18-002675
AG8,AGILENT TECHNOLOGIES INC,00846U101,212000.0,3000,0.00585788278984431,2018-11-14,2018-09-30,0001085146-18-002675
CTRA,CABOT OIL & GAS CORP,127097103,210000.0,9335,0.0058026197446571,2018-11-14,2018-09-30,0001085146-18-002675
ABT,ABBOTT LABS,002824100,209000.0,2850,0.005774988222063494,2018-11-14,2018-09-30,0001085146-18-002675
N/A,NEW YORK CMNTY BANCORP INC,649445103,207000.0,20000,0.005719725176876285,2018-11-14,2018-09-30,0001085146-18-002675
ITW,ILLINOIS TOOL WKS INC,452308109,204000.0,1445,0.005636830609095468,2018-11-14,2018-09-30,0001085146-18-002675
PEG,PUBLIC SVC ENTERPRISE GROUP,744573106,203000.0,3850,0.0056091990865018634,2018-11-14,2018-09-30,0001085146-18-002675
SBUX,STARBUCKS CORP,855244109,202000.0,3555,0.005581567563908258,2018-11-14,2018-09-30,0001085146-18-002675
INFNEUR,INFINERA CORPORATION,45667G103,197000.0,27000,0.005443409950940232,2018-11-14,2018-09-30,0001085146-18-002675
ISBCUSD,INVESTORS BANCORP INC NEW,46146L101,160000.0,13000,0.004421043614976838,2018-11-14,2018-09-30,0001085146-18-002675
OASEUR,OASIS PETE INC NEW,674215108,156000.0,11000,0.004310517524602417,2018-11-14,2018-09-30,0001085146-18-002675
PRTKEUR,PARATEK PHARMACEUTICALS INC,699374302,126000.0,13000,0.0034815718467942603,2018-11-14,2018-09-30,0001085146-18-002675
N/A,AVADEL PHARMACEUTICALS PLC,05337M104,119000.0,27000,0.003288151188639023,2018-11-14,2018-09-30,0001085146-18-002675
SIRIEUR,SIRIUS XM HLDGS INC,82968B103,95000.0,15000,0.002624994646392497,2018-11-14,2018-09-30,0001085146-18-002675
N/A,CHESAPEAKE ENERGY CORP,165167cb1,78000.0,78000,0.0021552587623012084,2018-11-14,2018-09-30,0001085146-18-002675
NHEUR,NANTHEALTH INC,630104107,61000.0,39000,0.0016855228782099196,2018-11-14,2018-09-30,0001085146-18-002675
N/A,STREAMLINE HEALTH SOLUTIONS,86323X106,39000.0,33136,0.0010776293811506042,2018-11-14,2018-09-30,0001085146-18-002675
N/A,PALATIN TECHNOLOGIES INC,696077403,19000.0,19010,0.0005249989292784995,2018-11-14,2018-09-30,0001085146-18-002675
N/A,NAVIOS MARITIME PARTNERS L P,Y62267102,17000.0,10000,0.00046973588409128904,2018-11-14,2018-09-30,0001085146-18-002675
